Degrees to Radians in 2-degree steps
Degrees  0     2     4     6     8
0      0.000 0.035 0.070 0.105 0.140 
10     0.175 0.209 0.244 0.279 0.314 
20     0.349 0.384 0.419 0.454 0.489 
30     0.524 0.559 0.593 0.628 0.663 
40     0.698 0.733 0.768 0.803 0.838 
50     0.873 0.908 0.942 0.977 1.012 
60     1.047 1.082 1.117 1.152 1.187 
70     1.222 1.257 1.292 1.326 1.361 
80     1.396 1.431 1.466 1.501 1.536 
90     1.571 1.606 1.641 1.676 1.710 
100    1.745 1.780 1.815 1.850 1.885 
110    1.920 1.955 1.990 2.025 2.059 
120    2.094 2.129 2.164 2.199 2.234 
130    2.269 2.304 2.339 2.374 2.409 
140    2.443 2.478 2.513 2.548 2.583 
150    2.618 2.653 2.688 2.723 2.758 
160    2.793 2.827 2.862 2.897 2.932 
170    2.967 3.002 3.037 3.072 3.107 
180    3.142 3.176 3.211 3.246 3.281 
190    3.316 3.351 3.386 3.421 3.456 
200    3.491 3.526 3.560 3.595 3.630 
210    3.665 3.700 3.735 3.770 3.805 
220    3.840 3.875 3.910 3.944 3.979 
230    4.014 4.049 4.084 4.119 4.154 
240    4.189 4.224 4.259 4.294 4.328 
250    4.363 4.398 4.433 4.468 4.503 
260    4.538 4.573 4.608 4.643 4.677 
270    4.712 4.747 4.782 4.817 4.852 
280    4.887 4.922 4.957 4.992 5.027 
290    5.061 5.096 5.131 5.166 5.201 
300    5.236 5.271 5.306 5.341 5.376 
310    5.411 5.445 5.480 5.515 5.550 
320    5.585 5.620 5.655 5.690 5.725 
330    5.760 5.794 5.829 5.864 5.899 
340    5.934 5.969 6.004 6.039 6.074 
350    6.109 6.144 6.178 6.213 6.248 
